TileSize_X: 32.0f
TileSize_Y: 32.0f
Rows: 35.0f
Colunms: 35.0f
TileCount: 4
grass.png 1 0
stone.png 1 1
grass_2.png 1 0
flower.png 1 0
00000000000000000000000000000000000
00000000000000000000000000000000000
00000000000000000000000000000000000
00000000000000000000000000000000000
00000000000000000000000000000000000
00000000000000000000000000000000000
00000000011111111111111111100000000
00000000000000000000000000000000000
00001111100000000000000000011111000
00001000000000000000000000000001000
00001000000000000000000000000001000
00001000000000010000100000000001000
00001000111111110000111111110001000
00001000122222210000122222210001000
00001000000000000000000000000001000
00001000000000000000000000000001000
00001000000000000200000000000001000
00001000000000000200000000000001000
00001000000000000200000000000001000
00001100000000000200000000000011000
00000100000000002200000000000010000
00000100000000002220000000000010000
00000111110000000000000001111110000
00000000010000000000000001000000000
00000000010000111111100001000000000
00000000010000000000000001000000000
00000000010000001110000001000000000
00000000010000000000000001000000000
00000000011111111111111111000000000
00000000000000000000000000000000000
00000000000000000000000000000000000
00000000000000000000000000000000000
00000000000000000000000000000000000
00000000000000000000000000000000000
00000000000000000000000000000000000
