Map: LaCelleCraft/Map/testMap.jpg
InitPosition_X: 0
InitPosition_Y: 0
MaxArea_X: 2560
MaxArea_Y: 2560
TileSize_X: 32.0f
TileSize_Y: 32.0f
Rows: 60.0f
Colunms: 60.0f
TileCount: 2
LaCelleCraft/Map/editorTile_1.png 1 0
LaCelleCraft/Map/editorTile_2.png 1 1
000000000000011111000000000000000000000111101111000000111111
000000000000000011000000000000000000000001111000000000001111
000000000000000000000000000000000000000000010000000000000011
000000000000000000000000000000000000000000000000000000000000
000000000000000000000000001100000000000000000000000000000000
000000000000000000000000111111000000000000000000000000000000
000000000000000000000111111111100000000000000000000000000000
000000000001000000011111111111110000000000000000000000000000
000000000111000001111111111110000000000000000000000000000000
000000001100000111111111111100000000000000000000000000000000
000000000100011111111111110000000000000000000000000000000000
000000001100111111111111000000000000000000000000000000000000
000000001110111111111100000000000000000000000000000000000000
000000001110111111111000000000000000000000000000000000000000
000000001110111111000000000000000000000000000000000000000000
000000001110011110000000000000000000000000000000000000000000
000000000110000000000000000000000000000000000011000001110000
000000001110000000000000000000000000000000000011110111111101
000000001110000000000000000000000000000000000011111111111111
000000001110000000000000000000000000000000000000111110001111
000000000110000000000000000000000000000000000000001000000000
000000001110000000000000000000000000000000000000000000010110
000000001110000000000000000000000000000000000000000000011111
000000001110000000000000000000000000000000000000000000000110
000000000100000000000000000000000000000000000000000000000110
000000001110000000000000000000000000000000000000000000000000
000000001100000000000000000000000000000000000000000000000000
000000001110000000000000000000000000000000000000000000000000
000000001100000000000000000000000000000000000000000000000000
000000000110000000000000000000000000000000000000000000000000
000000001110000000000000000000000000000000000000000000000000
000000001110000000000000000000000000000000000000000000000000
000000001110000000000000000000000000000000000000000000000000
000000001110000000000000000000000000000000000000000000000000
000000001111000000010000000000000000000000000000000000000000
000000000011100000110000000000000000000000000000000000000000
000000000001110011100000000000000000000000000000000000000000
000000000000111110000011100000000000000000000000000000000000
000000000000011100000111000000000000000000000000000000000000
000000000000000000000111000000000000000000000000000000000000
000000000000000000000011000000000000000000000000000000000000
000000000000000000000001110000000000000000000000000000000000
000000000000000000000000111000000000000000000000000000000000
000000000000000000000000011100000000000000000000000000000000
000000000000000000000000011100000000000000000000000000000000
000000000000000000000000010100000000000000000000000000000000
000000000000000000000000000110000000000000000000000000000000
000000000000000000000000000111000000000000000000000000000000
000000000000000000000000000001100000000000000000000000000000
000000000000000000000000000001110000000000000000000000000000
000000000000000000000000000000111000000000000000000000000000
000000000000000000000000000000111100000000000000000000000000
000000000000000000000000000000001100000000000000000000000000
000000000000000000000000000000000110000000000000000000000000
000000000000000000000000000000001110000000000000000000000000
000000000000000000000000000000000110000000000000000000000000
000000000000000000000000000000111110000000000000000000000000
000000000000000000000000000000011000000000000000000000000000
000000000000000000000000000000111000000000000000000000000000
000000000000000000000000000011111100000000000000000000000000
TotalResourceCount: 3
0 213.333 2304 10000
0 298.667 213.333 10000
0 2261.33 512 10000
TotalCommanderCount: 2
85.3333 384
640 213.333
