TileSize_X: 32.0f
TileSize_Y: 32.0f
Rows: 42.0f
Colunms: 42.0f
TileCount: 4
grass.png 1 0
stone.png 1 1
grass_2.png 3.611 0
flower.png 2.222 0
000000000000000000000000000000000000000000
000000000000000000000000000000000000000000
000000000000000000000000000000000000000000
000000000000000000000000000000000000000000
000000000000000000000000000000000000000000
000000000000000000000000000000000000000000
000000000000000000000000000000000000000000
000000000000000000000000000000000000000000
000000000000022000000000000000000000000000
000000000000022000000000000000000000000000
000000000000022000000000000000000000000000
000000000000022000000000000000000000000000
000000000000022000000000000000000000000000
000000000000022000000000000000000000000000
000000000000222000000000000000000000000000
000000000000022222200000000000000000000000
000000000000022222220000000000000000000000
000000000000022000000000000000000000000000
000000000000000000000000000000000000000000
000000000000000000000000000000000000000000
000000000000000000000000000000000000000000
000000000000000000000000000000000000000000
000000000000000000000000000000000000000000
000000000000000000000000000000000000000000
000000000000000000000000000000000000000000
000000000000000000000000000000000000000000
000000000000000000000000000000000000000000
000000000000000000000000000000000000000000
000000000000000000000000000000000000000000
000000000000000000000000000000000010000000
000000000000000000000000000000000010000000
000000000000000000000000000000000010000000
000000000000000000000000000000000010000000
000000000000000000000000000000000010000000
000000000000000000000000000000000011000000
000000000000000000000000000000000011000000
000000000000000000000000000000000011000000
000000000000000000000000000000000001000000
000000000000000000000000000000000000000000
000000000000000000000000000000000000000000
000000000000000000000000000000000000000000
000000000000000000000000000000000000000000
